VCC0200 12 16 33.70 +13 01 53.61
VCC0230 12 17 19.64 +11 56 36.32
VCC0545 12 22 19.64 +15 44 01.20
VCC0870 12 26 05.37 +11 48 43.42
VCC0917 12 26 32.39 +13 34 43.54
VCC1104 12 28 28.05 +12 49 25.38
VCC1122 12 28 41.71 +12 54 57.08
VCC1304 12 30 39.90 +15 07 46.68
VCC1308 12 30 45.94 +11 20 35.52
VCC1407 12 32 02.73 +11 53 24.46
VCC1453 12 32 44.22 +14 11 46.17
VCC1488 12 33 13.46 +09 23 50.60
VCC1826 12 40 11.26 +09 53 45.99
VCC0538 12 22 14.74 +07 10 01.72
VCC1175 12 29 18.20 +10 08 08.99
VCC1475 12 33 04.97 +16 15 55.90
VCC1545 12 34 11.53 +12 02 56.27
VCC1993 12 44 12.02 +12 56 30.60
VCC1833 12 40 19.68 +15 56 07.01
VCC0571 12 22 41.15 +07 57 01.38
